5
Napoli
Milano
Firenze
Roma
Torino
0 50 35 45 113
50 0 42 72 22
35 42 0 27 32
45 72 27 0 39
113 22 32 0 0
0 762 473 226 888
762 0 318 573 144
473 318 0 273 433
226 573 273 0 689
888 144 433 0 0
0 37 468 183 64
37 0 351 257 294
468 351 0 263 378
183 257 263 0 167
64 294 378 167 0
0 658 409 190 712
658 0 249 478 127
409 249 0 232 318
190 478 232 0 525
712 127 318 525 0
7
0 2 4 6 9 0 0
2 0 0 2 3 8 3
4 0 0 2 5 0 5
6 2 2 0 7 10 7
9 3 5 7 0 7 0
0 8 0 10 7 0 0
0 3 5 7 0 0 0
Aeroporto Internazionale di Napoli
Stazione di Napoli Centrale
Hotel Palazzo Caracciolo
Hotel Villa Elisio
Grand Hotel Vesuvio
JFK Hotel
Grand Hotel Santa Lucia
7
0 0 0 0 0 0 0
0 0 0 0 0 0 0
0 0 0 0 0 0 0
0 0 0 0 0 0 0
0 0 0 0 0 0 0
0 0 0 0 0 0 0
0 0 0 0 0 0 0
Aeroporto Milano-Malpensa
Milano Centrale
Test
Test
Test
7
0 0 0 0 0 0 0
0 0 0 0 0 0 0
0 0 0 0 0 0 0
0 0 0 0 0 0 0
0 0 0 0 0 0 0
0 0 0 0 0 0 0
0 0 0 0 0 0 0
Aeroporto Amerigo Vespucci
Stazione Santa Maria Novella
Test
Test
Test
7
0 0 0 0 0 0 0
0 0 0 0 0 0 0
0 0 0 0 0 0 0
0 0 0 0 0 0 0
0 0 0 0 0 0 0
0 0 0 0 0 0 0
0 0 0 0 0 0 0
Aeroporto Leonardo da Vinci
Roma Termini
Test
Test
Test
7
0 0 0 0 0 0 0
0 0 0 0 0 0 0
0 0 0 0 0 0 0
0 0 0 0 0 0 0
0 0 0 0 0 0 0
0 0 0 0 0 0 0
0 0 0 0 0 0 0
Aeroporto Internazionale di Torino
Stazione Porta nuova
Test
Test
Test
